4978691432393375
3511605356664658
501818257211
4989343373767715441
4904687806413
343709899367397
4457792364264863
2299789303990760
566271255325
587967592961
4528224580408129291
639032936556
2278611126176309
4207496306301634
4140661105247
6011133638738263
4103135089157
4793475871951825
639053094947
3542472565579240
3535973670844345
36885968628273
373755213713694
2276397297256664
4406796600590469367
6011171455235567
6011707316945736
2380296715283461
3500958219585765
2518487144382082
4188724144062612916
2562575956359118
4980665531942
213137803774036
349480442197814
180011706211025
4178831988712754
3557531180400082
213186758723241
3570148593011829
5388497411834178
3539486154825819
4971413207376585
4484082217508
3597086227341924
6011674350578908
348536890255981
5157243336238320
4908839700703651
3515455582452619
2263229103991629
4020572545866906619
180079623676497
30000149886586
345831901498453
4598815373970988
4412850508081358182
4473598671936
3553661993371966
6538557179452815
36453278032825
3591240110586097
180006799595375
213124191267146
4718149242486278552
6011175979896713
6583239762601363
376446318289957
213175921186337
3507193382424641
3567026432034902
213129414297671
372144546339744
36333857061173
4267919736030595
30057992825566
36524353070219
3550501729206016
4929325052228492
344470993510684
180094644922408
180077311765044
5349268094774470
4793708016924
341610183441215
180053915136213
6011287586833052
060426542118
501889515315
30205840539174
3517337745193579
3538003496619908
3520755924907144
4495630531284257078
2242984635543787
38599841448282
2222362409500404
4497291289449
4339060051990
4739759213141249988
4991367913045964670
4551248899510664340
4011469723496549
3564067259681626
3524400495157441
4344732377622922743
3550132739052982
4361481684001
4485779137400672
3501982594982255
30527288584671
6575427175282570
36078635430899
676128287684
3560591650021409
213163109081827
373543440127023
060413838586
3524732306727735
580901776931
4698683056749825
3504910381515985
4097383304093429368
4833984966716722139
4655666975229
4680716342436
3565635268905480
564799289181
379570576870419
4898974184735416
377563790631735
4469747378766309
6547853164411224
6549457971816621
2442792348024153
2282664849004369
4896935023124
346804211969223
630425755711
4794884138532447805
378542241538854
4067083671094
4795542698530393
675997625602
4170472407620381
6503408396075537
4097702287543083683
4501783272139822
4429678159741394
4527933485128
6011745531328239
379528122021093
180063585169428
379961007262567
379900521157499
180049772023346
3532197253685379
676113515396
4911317132599109
4545663643154635
180073970273891
4410618908641
6519743735280733
38628406125520
3541989376844175
2720502629757410
4057491331296122246
4359922784086484
676194059546
4571567041569129
373155292122398
3558051652414635
213125616632327
4357568333926
4665720293586930
3568724565660183
6011127046142746
374814304305958
6570043550857780
4072626811670436
375929536109462
4328157390856834
2292500002233429
3568426692688042
30011591456760
676355474138
3536743036891671
3568289380727088
30157955749272
3594835231384939
3510197820208693
6580566278413849
4076516488710546078
180095707910362
4143521191391916120
4043984777680352
503813775130
4511415920828
3522220676925024
3568533855818736
586131509737
378939635651469
379038302863116
30546229348111
343912423565912
4131775896032086574
503854670331
4186485323987
060434087122
4938608252976
4855719864183648
213169459010795
501881874132
3570133091306814
4508695759967
3539152279137221
180065900849691
4919704936286215497
4103987415311444
6011008077667290
6011866845493962
6587800460621130
4018364591568
348332685927384
6011711015202456
4024308777677254
4511668006938147610
6011012298395053
30539336490876
213133945912659
4204496085315866372
4874401153895822217
6011622297889854
4509192525716500699
213188687070322
568219565732
6517176733260518
4136677185157
4932919335659652374
4195099240445790
4296683263870279
4025140125320603
2297575214193566
213154133160620
30329491118268
344729614778487
3560258776280646
2271604028693387
3587820525579252
4230944644060
4057764579823
4660714322200
349512226556235
2720790005001582
4310349123885875889
060497848972
3563241852984544
30176652242456
561100452375
4624820919390
4771529385921835
5348199447770470
3550368743854225
213159224014545
374612994541803
341073465645583
4271990004594455120
502006977420
3514525703421122
180053957726764
347728395051590
3588011413333460
4434480523497700812
4360936500317
4883965104434962
630471493092
6532510801426935
676311664103
3560485070548556
6011473945583378
589314179369
639010141765
4964211450155371896
3547942726238543
3534740450604665
630465950479
30550444023921
6011001712848748
4091640635000179774
4057518934365
6011976239447670
3544617748544218
4097589453177667
4074064653182
4562230735555091
38481238733537
4594911200523
30000625714559
30348844496924
4763266848929388387
343351613687584
4316732677592
6011023745238234
630462841804
582023155127
30230033769719
5533644275160943
2347888809634088
6559271602811845
4710532236771826895
3533782917930243
2702632918454643
675905456314
580103201654
180001443417704
4219125216431774490
6011048942987614
30485689215207
4319485239800023
5219196696847138
2298407168179558
341592681252882
566805718798
30345279166899
3534748030570587
4345569982467177
2664581887959866
343564521584913
30209433139079
30573138288188
4692937399177313776
6011661163225694
4370270203329
676122803395
2270851959729547
3528806847228365
3557553089473895
4206355650740717
4010439689738284
6508631671604193
378084586070078
30531001872017
180059709144255
3557820590185999
4902846484000572
371290997895634
213122550194026
4134728669655639504
345907540127826
6545818049488343
4673302448790
4173080898329201
676206184092
213102319666480
4137603049051209199
3501116939390086
4183007382792595915
3502112957282494
347393328797866
6011540043719474
4940291098357833
3558039420542993
6592778104592938
3546391973822909
5473971464726594
3510165006245656
30360793735202
4482585120868798195
4985251334908
6011205820775699
4201482072325961
377024008882727
3531913999392133
349515255066406
3564878256223703
503869877301
572842757435
2259906272391451
3537057288112598
4829947801759310
4065854092508
30357603747385
3582304648014815
6596723646989990
5401548094403278
4061814265512246
30024348903513
2469383690649835
180047944323545
676125303898
4668507213956468
342475547698218
4380263389159
4490125660749056
2586946810266082
38351221875597
30353961953004
30110501355599
5315680167187754
4083822556451648
3595971129862642
213128824545166
4290925484269527744
213109136046648
4848212203362020564
213114972051157
6584873299385162
3570409450474496
569703706345
676270581876
3504200664332476
30032202225840
3594997362447321
38800208176668
502014103076
4291804552991545921
4752125412611
561793945263
30228903659887
6011745740787712
2263148124073698
379060370091693
3563933360720291
4708185915934745
588956792828
4285082799339367
4147712437165816388
30549960624344
6535683940952470
4321911294270774
4510867282204368
4756366591313112814
4955016626880
630449469364
213153329732473
4644235975577863
371328173630589
3569920988479537
6011145750504802
675961304093
3543639829874778
376531742946593
6578288454669128
2702422722448985
180024988337962
213135640404957
180087434045802
377589399101390
376283415269248
3553156892605655
3589351694674425
4849973320961027
2720720169693221
180076032302939
578894670673
180064530411170
675935199926
6597167568452240
4523142241302236894
4600502769274664
38214471410988
180048244642469
4790149171302039980
2578194036419751
3516841582758270
213170966451332
4564329923958
5493636792174132
346269612719462
4513133917875438
4932672905221
3552263455120345
2292806144667642
4430882079176
347468361602916
2709973516715784
3548713577486104
4050934842674728479
378889308688373
4005781931246781
30040690356696
6011159403693490
6580762361120751
213134677864928
502062854190
6513399294167591
2266812217271348
30087351600672
3535089283479088
3541748573284480
4376776710170
4481887046447
3579264303023169
6011286192444502
3580415866354808
4279594303245097312
503886818528
30027709685702
2226467203655969
2224899320513345
3515451359285845
676213619247
630411512852
371025297015479
4642485088196562
4350499646014821
4311271466025521370
30262028854503
4667520726764346
375357038511003
4717794481965213447
30396932008887
5414535122859881
4363100579318271
501845816427
6011692895261525
6011595877349145
2269907949220865
378288254765196
503881384443
341727963125717
180028327595594
213155624821596
3539595359370239
376129853488628
565094848167
4042337546086172
3575524774164238
4397132723331066
3558962528561575
4491491770225
4622667994826002
3574463192249191
675933278888
180065026575071
4465055751196538600
4735059573635836
582403917591
3550996264875359
3585681000313506
502061313529
2708229860597166
4990894121172910
4280316125016
630478767589
3515685921077467
4167084533754
579489201338
180028374237652
4248773792403875550
2703721106839704
3571128426727220
585369312632
4270607793325
4365827797152144
4702413608833776
3550338530228065
6573244619702168
213172818213936
4321464319384974829
2228550799995267
36568034764989
3517613244408860
3515417424805677
4355619155436025
4049300994111272310
343288397259539
676153524043
4764409547709320
2232204419327469
3575085765694047
2529313630891997
3547428196848508
3594377147273948
4550495924433
4971180122314977010
4704781009953056
6011976323396908
38646605909007
213126983640240
567115483966
4666319650142635632
4765577598034
4155939023766
3595745574096116
30124004379949
3572074751218469
4302742438647
3514054071904031
4692854845641339424
6598913624641337
6011421102498039
371356109978749
38469903094467
372541783115671
5376350967810924
4120428862822376
5294090498626048
213186497967836
213175125040058
4180544261159181
373681987861917
374248332925323
4114875009114778
2235595110078096
2270189993150952
4270479698024
4320756745920537093
3586788743672301
2244837691379744
3533662371386092
4257052071869
4272119549444897040
180039813139904
3522340486150876
4750186171043343
6011760736780738
30308412321532
4893054656807483
4452285751706
30140319601918
6578756871694051
4862771026316799
4718068141313637
4446301294411042
4671507065349072
4425995185780442
6011416426579100
3586980174656826
36540671546615
3543062596242667
3591542686680877
4188335792014132
6506536230198615
2713714697973873
582599101133
676340749792
4139183411073737
5419123657062133
4827546411934490451
373530135058100
3575637873650772
4530403660768398
180082561105149
3590476790393419
344709177092872
4573084810226673
2236704903346418
2720400109790219
3574750951531458
349537584166533
4269784216562618
4984034273259033193
2720214834034359
3594286738469932
6564867056522540
4931513366151744429
639073174687
563540778898
4936176688027
6011089495439777
4043917196246485449
6011349525234071
180057102906759
4876731168158
4943557692633093
376574368411898
577358379573
675933921081
180004862496423
676265307436
346559248256495
5196697790091512
3521330296223832
30490970531809
4119109710633040
3505151160537721
676320785238
213199308019069
180066238298734
4187987626309301
3542549072749455
5223823467122623
30357202513733
6589008875670449
4190592062611019539
348420023042410
3512699923568244
4852639579036118
3537727743273850
4513824836457876141
4690164495730457346
630477333045
4431486704546136
3585999093719516
2259247040763881
4011049879536940
4697621369197
30501598862465
6537886928479717
5161724345810450
30438173918976
6553789546541984
564148159309
4321939017485
578063246628
6519962625137254
060416787392
6011925641133360
4506932604766563
4090691106154
6011409869967080
4416289653627553
582343309792
4014598809900
3589266537648206
675932608283
6011265379975306
180084062921784
377142774686906
4029157206796648862
6011232744095129
213138722415867
2248153481613235
3570579508538458
564741615681
3567465313622122
5528378466309111
213185252299765
6512011951742084
4999353546531045
4507699935553491492
4076727010625517559
377714697114552
3570293847663437
4638680586013824
375879690128727
501807819203
4116588005702
5123790696365946
6532774053605741
676179416588
4929807930131535
676300093736
4753417430750585
501885274529
3588434309011646
4085147475340971
379361483512066
4731304777093660852
4076368054564626587
372387035272195
30398816055869
5562888345880923
379426813507696
4624846511544
4875201193498
6567427639036968
676289124957
30348049571125
340593421416689
4983945058190464999
4636496415693
3549599243915330
213130450885528
30043989818491
3584630547000762
6011000004151969
4386639852473843
3544139914197549
213192298455328
4273929701968
4895595814392
376815567050882
213131180382059
3511085233486205
4440862219277665128
2276895152394868
639042473640
344626411862409
2719125677697032
4860283078841
3566912915869222
3534082091220241
6011969444430565
4509131971057196
4875902485327815000
30232310605137
4534148163570157
180057777268022
213151421279948
3528521032769913
4100913743505603626
6011966916773019
30301566294803
4740981800409029
4622402372293
5195385884465666
6011059445305329
6011553110069517
4528100713699562
6011354151165730
3548602576350678
180048290136788
38157568692341
3526135370225305
6505654792076474
2568644103175365
4299436942381
3589748242865084
2324293096962085
6011329278943243
4472778681144432584
4655611844355
3505144624491999
3568520926595526
3544205537022685
4774689498759303
3514990561035549
3585820223923101
36957308951200
4976153137992615
2720061717815275
213116662392759
4590457989503
4869549709991636505
4836684980892
30353873736513
4494609852133
4005890646305
3552532509933964
3505839204124601
4357632662397026
4679948176705871
5229668717652505
4458125338928470
340477437267726
4166943933021514853
4886540304431
569504037726
4567499524409429132
3505965099663047
3505821534945400
3500305390776138
4545010343900158
30220335870679
2290935764691087
343992447597695
4784777170867987
585679598607
4038400444285324
3561569684940496
4340034050273440
4101538160357512
3537750718568104
4397695506051501536
4649691217947
213137344896801
6011836774706759
4429939916257
4499202994919
587676328947
30454990014709
213163883429390
4680074762421463
30556024080355
4421645718501682
38111092794529
4548282695935
4844458696388224197
4551445076654
5154658898984149
3503961727596131
30081215463575
2716832013271934
060448614192
4050263407043137
4117830106838667326
4454723307457747
4894161854910552
4671751491105
213194481548687
4266975366023327
180088699538846
4480939770913
4414946423351469432
38021816402772
3558048596551225
3563124282415075
3561490261577611
4577790519228507
4492152960856982042
4773532460164066400
4754802066470
3599737264092378
3536857152947404
676229623241
180088103820053
3510004623192332
341065841572622
3540967795619080
6547465473792861
345224955706007
376794376023622
213107965033216
4182158036458519
30433992366218
180032208015987
4773021548431
4578321147051860
30150926650224
6011026671768942
4120822791566296
4271469494730334036
4758543665692888111
3546689455051065
4274191008643619
3566245371932279
6552598565852730
4834852760628618
675994079605
060425920471
4893580972910023
2718511891739661
371996416760353
4360964542249
3540261742691842
2717544643392654
3513618284548206
373539656835861
4134698397204977
6534428584800812
3548490804333033
6011503993347977
373140702251359
4106841526601424
4251018620281
3595392477157693
38568885997595
343575754634647
060461326252
30463392836965
4335932926353147
2263251820646104
3578698596943420
4747232706266987787
3587527522250676
4800033374400609
4156408264972364
30382392698417
3581300111358243
4686635304365914523
344948311737725
580325268846
4436004155572584878
2284430767554241
30504513302005
38180299060554
3575204736663631
6011301412202737
6556661908001765
6011111773297378
4820941107184
3511840058283982
3594222605485719
377458338220226
3574359876275215
4132003699896
340977223218874
3581173800086403
676361108316
4159753781426
5596091402174344
370308996476452
4522546714717
639049582732
213157499679174
180056356569941
570677463541
5204315220646660
6563652788536427
4865271276334656
4285091176356282
4113935999989699319
6556399626394721
4589825637976
4308588879422
4198094748223
4932598774320046
4507998130884
060481882813
3571889700124828
6509548773316428
370373962731959
4802000937770578
347474004803572
4119349551568981795
6011320960706634
36572581807852
6534721120812584
