513437197904021824
360428195511182751
440904193304169869
43122419341122644X
451023200011129180
411525193705105802
361129200301292949
211101194208301225
33030120010304845X
130283198308256713
21041119791029790X
320118196107096331
320681200212037051
230506193802229870
150923197304176397
610524199701287167
610629196508056256
620801200207077366
611022194512080640
340404197303168327
450101194307201020
360981194112013787
410106194907019868
140000193203116332
210423198606029409
511304195101023013
220322196206034285
34040619800922580X
361123196810079671
610401194004092185
532924199406062858
640324197112061456
42110019900719959X
330103199507288296
520203195101170370
41031119411118371X
361129196004046662
632622197906231553
652723199205021910
220101196410176149
411500193302065458
411421196612295793
520301197605202809
130581197208049150
320700199905095299
130425196403294687
632722193504204744
320000194404118041
421201199004280378
150921197501132729
230711195110045609
530423200204302753
330603197902236179
210503198112064212
622921199306103838
51072419470607793X
511903194810117065
371702198904170056
360825193410075790
610629198008180356
350923193202056422
522732196309250906
230208196205312289
510525196401114597
510311195709086920
420682195006020140
340203195812291685
440205195405130688
511527195206189701
220422200207178787
411300197706017804
450122195507154157
511722199903152784
320508194308133506
445102194905236791
51160019810630197X
630105198608040037
652201193209051719
622922195812196588
610116198209112844
320830194410299530
53250419930627205X
41142219651216555X
130123193812074594
140900196012207912
532328200006027082
451381198609218444
320585195509208903
152921193909045307
341181195108269569
330700195109252701
37070519900924551X
230921193503176946
33090219770428572X
41142119530710188X
53062219860828631X
150502198612052899
654323199009304147
23080019440905486X
340222198308011675
441521193901169862
371602193907249888
330401194105272831
320707196512133566
511112196204274337
340304194804229889
532600198804119440
320508194005285019
451224194604123170
420304199103066370
652300195611245069
410711199501282398
320404199204023355
130705193909156529
150423195902027387
230112195706174827
500151199305104885
51132319590911489X
522623193811240054
513322197609184540
210282195502120748
522624195505262656
433124199408205641
430105196702277958
360729194812045505
360727195811012180
320204198010123539
45132219791103596X
451021199504163098
330481197507195918
42060119500202025X
14092519480607008X
331102197605154043
440515197608183884
230521195512111885
652923193305286426
431228194209078957
620201194812020228
511826197204150423
411729198106195032
130828200112313569
532801196512075704
33020119900524988X
370500194508309025
540124197512172089
620725200212168460
370800195406249552
650106198512229441
341301193109106534
321001194303195838
510922199008119638
210106195910055488
130722194003058827
411424196504019619
130431197802172232
420626193810235150
360824196906278628
350300193410105850
610626199412072416
44070519870627466X
540222198505087764
610330197512012794
41150019411231805X
510812194904210607
421000194004259034
141030194310069432
341300196604127882
511523197309184034
331004200202070832
500109199805067301
411222195201165899
542121199805023134
420222200204054849
532626197708152397
330411196910174160
410501198008264606
340700196207116670
542424198907042871
430781194402211500
411103199601081997
140700193201109276
150826198109173383
230128200201176565
150124196404074505
431129197512115911
430781195303037281
42050319450904478X
320724199311041331
610201196904172672
36030219720814017X
450107194312302334
33070319470128933X
141125198412138032
350821195004147455
350213195402048118
131122197806188301
540101194609101756
130723195303315021
341103198110192913
610527193907205026
341100197201023636
370112195405168395
320701195601234008
431124198211168844
510700199907296559
654002198307028504
320105194101263118
230901200006164095
130529196005250372
460204198011161220
500229197201079581
152525198102120827
220681195610246580
445303197908208789
430223200107191786
520181196804298029
620422196905111091
360102196105106133
532622195007308972
411722194312220099
140525195301107716
653126196711130099
532628194106300064
330522195209273304
350981196801133271
141081195404192487
230102199602028097
370502196904250370
650205196610031770
350124197309150671
220100198412128442
520300199712233953
43112719890106905X
340124196902224815
451324198808249510
230183194208173072
532322199612154811
630000194607289185
370321197409052628
611002196703080663
350203196605097827
640122198608282923
350111194207105081
14112619660803841X
130726199611074925
340122193805275518
451402197905140173
653022196211251352
13042719730418536X
445222200205115883
511025196906042609
420626197207263729
350206193301143762
65402819910408431X
370923197311108692
370923197301299560
450512197101241873
331003196105058756
361001195509133239
320802198110202883
220700193509277452
511600194708261831
640522198004110575
220302195504102813
431381193408254661
150784196911235288
410106198211217303
410204200107142746
410400194007013899
23112419850601137X
361030198507258199
532626194904117253
320803197211114665
152200196412158588
210503195707092163
620981197912316927
430000198712312771
640122198804031179
654326195909296542
330185198410236035
469007193510252702
120110197306080742
43102519691128934X
15060219460715496X
210303196311076224
150125193607258198
140702199108099456
210922200007256651
450302199108144692
371621196811193106
320482194706099137
130922194904253516
360101194904037343
522326198205137861
610400197102059482
320411199905242052
65010919961026384X
530128193210044247
445281195506239923
310101196303024555
420981199204081305
350925197612151589
341821199702099849
610400196310105442
130929194810282441
370786195502058291
350502195901147302
150423199910095513
360429199109128866
210122197205112132
610828199711210827
652300197111236106
370521194505124940
130924197004170260
152501195809294287
469026197404138698
340221197205196119
410181199803308940
410106198410044417
430381199702118309
440604198605278934
513323195010099208
510300195404021860
150926195211184419
43042219751217199X
510503199010149122
150921195108074156
540102199712233908
15080119760723516X
654023193308125962
140000193507299334
410322196804016373
330301197912014466
341100196107211425
321323197907290439
320400194007126664
420506193906209968
41090219710127241X
654028198303308852
370832198606258423
532530195111110143
610200198903104988
141121197608316291
511528196507222158
350581195404051364
610702195308205668
150524196107221742
411724198201080725
150428195909036114
511826198811176603
440118198910156192
422802196809228338
450223195108081538
140901199707091928
370105200304060588
130684196409047485
650105197606087500
420107194210152886
640500194708094343
360105198404178143
440400200305201365
371481194612293274
411330200302054556
611001198408206959
640422194005314613
41900119610808273X
610527195508108287
511903193203206942
610625193207153010
371602194010092016
130801197907185594
620702194006226612
141182197408044239
43040819800811597X
500103194701116438
44051319910901664X
41140319371212432X
410821196102071766
610327194012142806
130524195610192231
220382195308211002
610430198506050436
350181199210196676
370405199512060161
350800196108070846
140300198503047374
511132197407029278
320703193203260431
220211196203203528
141001198902275623
411025198711204490
450503199205231090
620822193411165661
440116200007096397
513431193904252298
51018219940302093X
420800199510197994
411602193701293923
410403194907202045
530427197609303333
411626194208215089
430701197001176355
530124195807248676
510683199903317629
640201196908160527
230184197009225343
130626194105219812
510131194612121785
46902219330223217X
150602193311032934
211400199105027588
440301199806307470
451024196608054270
542427199805168362
34060219780702670X
320111198804033832
431081195707147471
451029196601119272
469003197911076837
210282200110248949
440111195402196018
511422196702039056
140826196510097339
410425194405287008
341226198704064265
532929196211215904
411523196103299743
411681196205056469
110100199602213372
130901195005310380
220500195505156352
620105198208199768
520181198604044795
654025198703274357
410522194511154387
150785196302050540
520381198802069433
230304195307306387
650204195310062718
35048119440915141X
420800198709023612
220582197205199370
532301195002210804
150782196505269316
621223198406166640
62060019441015128X
230704198804256507
652924198310079172
310104197809080638
350501196403287589
511321199801246562
341525194702020885
632725196812199257
230307193201023397
22240319980910431X
220723194801193378
15062419630222109X
522625194210032919
320501194610096780
431122194804081217
410703198709217304
131028196112278570
330701200104160648
41160119880811256X
230707193604115191
371400195712235983
51132320001005460X
21030419360515936X
330109195608099005
410803197009291993
44122619460304720X
542500196007141204
611000199809149770
621221196005154233
620525194705184187
220284194902014127
230500194102047546
52062220010817589X
610927195703121235
650100196601239951
510302194603194594
512001199005234017
360222195507019717
370828194511196095
621224196911180600
522628196506126736
420922199703204795
340181196102169237
520401194908127078
611026197112172369
120116199311182572
350403199706237512
360323196404237806
23050619520505176X
653022200104292684
430400194502082908
210311197505136859
511922199904045551
350521196208207198
350426198407055241
32092119770703603X
610422196805285754
230184195406060379
150722196011185538
511700199407029316
350900195303161242
532327193911165347
140826193708128336
210602199501071460
370203194012241154
361126197611283219
231101193603039369
620525193301211471
441701200010309292
130581199803310201
370700196009185304
621125196609169372
130322194512026872
341500197501091691
532622197106209434
63022419440321399X
23012419330424354X
542227194601053631
610925195705040815
35078319900227388X
441721198603042234
371427193404191019
542431199710173542
610402193810244923
652828199311012302
542427195005169027
210124199609156782
513230198709058348
150203200302033967
140501194712192462
230502194906122532
441881194512309638
411300195307193967
411622193706181838
14018119710319946X
320722196103294952
130183198403014469
611001197805166394
141001200009146837
321301199810015511
62060119330910304X
152221195907117144
652123199303010446
510522193207232220
330921200109032609
520603199605142218
130730199209210575
330781195507304552
42022219480403929X
410711194406110659
522630200207221435
542525198009286243
320411197807205988
360101200303314593
150103195004283352
371722193111204298
411325195503031962
341226194308056628
230804195301204918
440882199203246555
410423194712199996
310108198512124708
330104197402174679
520521198003095066
433100195206053695
640221194801025137
150429196109068215
320706195103157128
62052319800308438X
530422198601271050
140301195609258543
652328193605145595
210100193907232271
520527193108274154
621001195609276169
430601196211272644
130203195208138335
64050119780819312X
341600200301254396
140223194410234358
150726196502190230
513430194503264608
360922194303146590
131081197405034621
513323198405257788
632523194511268295
63280019761117657X
653000195802280574
371400196306193241
421201198509188038
650204200111011524
421221198212255573
211221193402010575
130682200207284753
371324195802080503
451123198810262450
640425199506017942
361126194311065910
230805195910224785
630100197512212029
140824199507021406
130127194505109902
230223199609141292
623024197104301176
620302194403029338
540125199310109562
410329195212039539
15220019360320028X
450122200210012127
620824198512311723
512002194907281385
330683194304156919
341204196409197041
620523195509293265
130126197109276773
542421195302019051
441501198611087524
520400200201143519
530428197310315643
510725193611220416
350821200210011181
440604198412278460
610623197001121713
440300194503250922
371000193203170981
640000197901232011
411503199511131921
540226194910318439
220702194408186372
360681199301204132
45032319441206141X
45050319850524792X
340403199407110667
420600197903062089
130638196008205560
430111197705010775
542132194206262519
230100199108224874
330783199909279303
520382196406253500
370321197905106808
522727198912214270
35012519560614040X
140701194406222994
652922199004232089
533100194606268352
130303193212062413
130581194211098056
350626198401220710
610729193110049592
450303193509165186
510421194810110829
230722198002262721
511111197311298703
141126195808136394
341601193612231507
610702196402183578
370812198410068841
411422196106141026
360622199612162865
620301200111213397
510601196508173460
341522195203120692
210911199211082690
63282119941125989X
620524198208107676
653125193901017978
411622197312096751
520322198104067107
150404196407207386
542226199007131445
350505199806022322
410823195009146936
23082619980426402X
220104198204156911
440604193303148867
370831196711049505
610322199012037791
511101199201124389
430900197505250090
130111195709067154
340000195101086482
150105198701047298
220283195705217505
623000194303149766
150502198504209035
620601199310020388
140123197801192675
620103198103104846
540124194710301001
450802195407101704
321181196707101881
440103195905234389
542527194902151768
430502200112025293
370200194404063490
440114195307033244
411281197902071720
610423195908034634
110108198001096760
150304200207116037
370724199403170236
37021219681116818X
430527196709116903
210800195909157284
620500199904147579
230128200206188477
230901198112302260
220601194210304060
140107196910221629
411481193208148233
360301195004268977
140827193412191594
23070319830929389X
621224197101271118
630105193507171916
150723194501060188
350430193306029070
411503195101086891
450204194101200983
330211197609279979
511503197504156199
140924199504171770
130982196805150162
370113198507169209
530800197611015965
610629194107111788
45020119400815846X
140722199901223649
320481198607317559
341004193203041047
370323198808208535
22062219941228156X
350782193805089687
451029197804125968
440982197309239309
340202196107176540
32082619660428135X
511425195410090284
371122198801247383
140621200003126277
340828196207276959
530722199206166585
420625193909205414
430102195602149103
654023195705297011
411224194812148527
410305199811160768
511400199706279757
52050219831210545X
510311196502119179
210423199710125411
440404194002071839
520000199606165305
330203196702096590
320581198609085857
150401196109072218
510726193703297636
44150219880801371X
130101195210058221
440307198812228596
330424196010295794
510304199807134038
370303194502214373
620602194902112685
350303198203230941
411302195503298873
130602197112253026
620601195505224120
350583197607309590
320211195512163987
469029198202275014
450422194907095557
469023195602284452
441702197411161964
331022193601020461
513222199511092705
222405194305222072
411104193406169458
421181195708030447
621101194509105857
542422197209154123
14042719410516445X
21080219950218656X
632822198601015345
320800198412076402
230205195808019918
511902197903059818
440701197405236758
450603194004141702
620102193803100652
44150119670418675X
542225196303097712
522728195605106571
310200196702287829
360830193710312971
370200194810032139
431221195708017251
350128195305298704
130902196304047069
611023197409094390
510129193510235857
420301195503057249
513231194807068193
430523197804175740
410304198401097814
445381195205279070
511800197712258699
210311197106174743
610122199905055304
320722199005098038
231281194209200929
320923193212095227
640402199201065439
350725197107289121
640106194101081286
440881193903284591
450224199212204037
36103020000521409X
510801193312076009
140426198007046363
52230119680906904X
130603197411282747
520181196903237715
370501194007296840
431226197909208274
150929199706229276
522600194807018231
540121197908238903
340881193205128766
230900195810266754
230112193912314043
210501194406268818
430201195912197564
230109199712091294
420683199407083665
632521193606271692
130111199402287636
610628193408071264
441622197108245137
350600198309236847
520327193510211740
140781198303171725
522633194503011361
210224196805056027
330201195301055299
140211199302204730
51102519920806912X
51162119320919263X
150901198404243821
630102196310099185
350300195804020031
150700194410200179
530926196205013440
340000198507033915
420921195508202837
140728194905218818
500200199407319225
131121198107160658
441882196106182710
360622193301159629
500113197310315903
441702194905195319
540101199110095468
610822194711054798
130104197408142734
220200194806083926
611002198610256104
141025199107146246
360735198809013073
371725196802032344
540122194412136455
430726193207083065
360730196907300796
513229197310044243
500104194512228269
450700194706252980
469006194009211032
511823193510291120
512000197009052135
522324197405049850
410621198502188427
330600200303239314
360622196705160224
130102196706028326
210901199303163516
360423200002056847
131100199503147618
150700196811167049
130821197705227325
621023196411024540
430600193901203099
220182198906194487
220822195306033776
440882195509083500
440600196707234479
654225196203051087
611021197304144635
350205193708027433
42052619580419363X
350725196010028609
350122199105029921
360926199305054436
410221197306030570
231281198409151584
210203199110294688
32118319861012988X
610427193405289754
442000199212313258
22010319900522908X
130724199704282886
211481199807114887
210202196905046477
440501195412182356
371100199801020855
43112219870103116X
513200198603136389
321002196011188922
120102198508028322
431028196407268151
140202193603217224
341302193205065038
420502193605018716
440400195801231770
511381195403035282
330401198804255836
511421196812061012
130184197801217925
410501199807290012
34102120010728278X
370828199911157266
445300194707112219
130733196305280659
431025199807266854
513428195111195909
321101196505236735
360301197607261730
542232199402194742
411527198409170349
220524197004142737
410327194608085673
410328199910310279
530502196604282573
431281197111166161
230200197803182705
411425197703076991
431300197110204629
530625197702258184
230828198111280391
44190019480626695X
14011019330828199X
610823194604304364
410926195403137370
411623196306287385
513328195104044779
510701200301220893
320113193610306628
540100200110051333
371622198908013875
371083195610074970
140830195509197316
360725199409100786
210213196609275725
622922196311287195
430511196701111875
429006196911133675
53252719690706197X
320507196409308320
371311193906061808
51068219970101261X
340503197911172150
430000194109178071
610902194803017601
440700195607191660
360681194105299098
370113199406198507
370300199704161146
340223196906098587
220281196103259099
340322197808028124
360313196212145330
510524193807104145
210700199911207239
130403200106067219
220200198412230397
451281196601173347
522729200112204480
542423196701215567
431223194803066228
654200193110039555
533324196812204481
53292819940914992X
140725197111195743
440401197002183712
310101193603186069
