13670592116
15941172268
13855433711
18614321459
15519737479
13475924898
15370771784
18503864366
13647636380
13884310992
15925379658
13467303000
14580329413
15591335837
13441836068
15274717626
13210526717
13571832077
15554846150
15215423362
18709530448
18740260981
15202223128
13213944512
18193069493
13244510613
13573445222
18251773028
15503625262
14584169076
18769449575
18841206407
15777688731
13652795303
18718637583
14506148767
18961559984
15035705141
18228690718
15824688214
15662940122
13763715313
18929313780
13506639335
18863484610
15659870433
18159461001
14593621153
14593534580
15950629518
15389040895
14552385169
13072442095
18267413426
18721115632
18617103738
13904723763
13750090283
13980153115
18819652418
18584917735
13050257570
13308161203
13349092661
15646925426
13157792427
13311132941
15369647739
15198157616
15825776509
14773583127
18875007057
15831942572
15896140401
15558912287
14542685518
13189442370
13441503483
15808117998
15990601487
13891030846
13517062096
15247725832
18691462311
15981189857
18636931852
18637813220
15953120004
13921131417
18678679419
15343092062
13389434987
13806965723
15193888215
15311531587
18028641883
15585344996
13213406658
18531552973
13397057917
15166120782
13047504336
14582644377
18730399718
14775229174
15081839392
13069782944
13959681300
15071836619
14519193424
18839435518
13219151831
15130197497
18130820767
13613010172
13686003136
14720414620
15697728683
18763294065
13150541485
15801895356
13080311270
15165758398
18927973896
13033074674
14741384881
18867218581
18210803317
15877179344
18193168316
13106236108
15806052252
15735706228
14582891069
18911874458
13139531003
15979886372
18046869922
14530671548
15540810464
18037493451
18682936006
15975267745
13716411866
15734788324
18928419040
15900263137
15298262732
14588657569
14574313644
18755959939
13097399139
14580962612
15399108413
13681972044
18556480375
13933605182
15683347672
14765803199
18048038677
13431898922
13769071599
18693702691
15071365925
13862815301
15042721321
13959106599
18173393685
14751107122
18895526557
13721609734
15013550775
18702459637
18863014329
15854836166
14505459821
18642693664
18534347867
13274035706
18862470815
18616670471
13520527819
13080662714
18578043147
15839822462
18833046994
13011193932
15810868516
13019424181
14797064489
14741689116
18927864467
15133464192
15217736494
13715840271
15860095954
15082254727
15590142023
15135987838
15940554059
13844089790
15897127608
13841377997
18763753462
18567339789
15074995056
13517393108
18512509296
18924680344
13904236993
13919778491
13650646465
15907719134
13521870415
18291903994
18855278766
15655791813
13394233573
18196022881
18927708833
18815959449
15550403429
15328090458
13096052696
18186567620
13727763197
14567693521
13255424273
18796361509
15109107377
15296646302
18781393859
18199822784
15724862557
18977979971
15096013442
13669106827
18609937102
18809127259
18014220587
15049845868
13755504927
15590152758
15812429097
13029175972
18868351731
13588231655
18605158965
15339196432
18289849893
18896891858
15015196154
13784822173
18864116438
15923905103
13323909146
15571479249
13734176894
15917663237
18660369476
18016387514
18571350424
18212896795
13067768839
15771466353
13509415446
13339550320
13504897563
15721542043
18698943925
14533444199
13976315952
13912079183
15687363433
15724164381
13173812970
15708745309
13249293289
15909703067
15323203305
13432341506
18861083973
15626408498
15772297054
15099244500
13547886977
18975766424
14573397101
18553263670
18929541098
13083611322
18504777627
13325054386
18794850306
13034059664
13163710004
13721091765
13647601204
15818040001
18081931010
18736581227
14792720761
15656667605
18858814784
13988848652
15897637487
18728753870
14557223165
18294758131
18130125758
13578809016
18526311744
14793129823
15105681484
13053895895
13747361297
15868982404
15563144278
18826279527
18136427393
18846334066
14552504847
14550775560
18795728784
13100168080
13259496605
18949183063
13367170208
13937071617
15939876317
15547393917
18987966473
18075076894
18664645866
13435795848
18167009323
18708508746
15933792241
18784139905
18200302208
18604124376
13061924122
13876459453
13236234556
13459412565
13510395663
13249706313
15293634169
18882159009
15938844804
15019383279
13313676683
15606144088
18795756588
18599460538
18131214155
18040972189
13430805218
18816704995
15741258732
18635183722
13642521833
13526730246
15951897818
18623665805
18768488367
15789613275
13103320767
15370190634
15055860088
14535233726
13180022836
14751755849
13341762667
15258009730
13757082817
13476525445
18890672127
13786245043
18089452473
14507967617
13414227424
18681285412
13007300921
13070286440
14586217653
15902947043
13856940768
18636710125
18091566820
18826632565
14751549467
15254941577
13014250754
15908112912
15914855431
15263373701
18648626903
13314673073
18905312042
13414445851
15556807164
15084293040
15878190892
18033148219
15397424684
13350486403
15093190106
18973616763
15390591736
13461236647
18149691926
15597307390
13976500074
13743963112
18867333242
18851436678
13058846498
13158668865
18980694226
13614928230
18548780977
13160174029
18871328278
15060600959
15965071625
13299382156
14534459963
15008013673
15117600344
18894566844
13714424665
15163597990
15748817276
14590430129
15352636413
18253445723
15774439845
14585822181
18609403273
18516696214
13351978821
18964548634
14591822989
15727398901
15254895076
15003197041
15009282629
18862403756
13022040828
14790276800
18090551721
15365087187
18544653811
18193481566
18858747938
15042167966
14537418259
18685950346
14784842671
18582737108
14539961849
15957808372
13447571674
18930529455
13234063942
14701274169
18968738203
15051879585
14590121420
13410947382
15764695788
14528540924
15928704485
18244268915
15830099993
14523589832
15829616713
18558126371
14757227725
15304709646
18935552246
13942977165
13888116974
15125317429
15612587034
18120596223
15634141543
18521589773
13483038011
13239137265
13201298285
18941781653
13138116702
15024762313
15050726841
18793693786
15788055628
18512424335
15837275233
18675469647
15758768439
13492466779
18041362599
15363041208
13303322301
13310188634
14561326679
14536654114
15256389993
14594115332
18687013850
13779454076
14556436396
14567409834
13768595576
18081611694
15729131360
18869860291
13198313072
18982743483
13125693716
18111834252
14527291977
15864078399
15853248671
14556230397
18908886803
13424192254
15956994038
18629348936
13299777257
13637916914
13521886072
18180720732
15515394633
18873458640
15189655008
18269487331
15840706591
13820096073
18174546021
15960921691
13448208981
13456754109
18823505356
18105332603
13321368529
18573254844
15668181144
13791110505
13278038328
14587336606
15351909326
15360305880
14547659562
13137705860
15157635934
18233579579
18682159528
18254232821
14536874864
15117466832
15261476818
13449771067
18760628380
15649081536
18733701425
13159921079
15997411419
13026623777
14744481705
15600834848
13749846471
18777016716
18773755155
18704434946
18657370012
15686526707
18073525633
18630677331
14525208975
13110613507
13094642928
18554898498
13500723620
13408213414
15721877552
13597566652
15162581826
15034518328
13797189353
15393102801
15772689104
15797173113
15397351967
13152064357
13628765245
18565979354
15640807497
18724199679
18529917506
13852444793
13222845875
15266781619
13169864944
13749878350
13942371783
15562616477
13487072512
13853636484
13989602851
13178323596
15638223380
15183260867
14517038359
15336443589
18770866242
13670812713
15106063297
13047230219
15696805691
13176853378
14588034726
15018614604
13268631782
13159232085
18799883729
15864713253
18516296960
14798208133
15882239139
18881477767
15785044636
13377203632
18878281497
13702938658
15119004426
18881161917
13127557774
14532045619
14712877254
14728043330
18658113827
18028192862
13261235209
15859054442
13025742147
18578639026
13596661447
13311513537
13758519474
14704720173
15331566375
18972347415
15776038905
18851131230
18994509705
15668660999
15747419611
15714226944
13558305165
13863195186
18743364779
13179849486
18682769593
13779581233
15602168149
13859045158
18553636194
14504962614
15555450563
18626912307
15762999058
18713009637
13575473420
15371558501
15232882765
18127600771
15998565891
13642319798
13615246135
15892409616
15012541473
18200272971
18188546387
15843310566
14574602573
13606227955
15760526771
13119213398
13327108184
18573585516
15629743496
15544176745
14781354388
13203391473
13059298640
15337259525
13308612213
13806325220
15207157181
13806610218
15218171387
18143256217
13872425148
15531891587
18555382004
15983116024
13843558518
15164739915
15275226130
18540239969
18220017824
15270918483
13692566256
15964254715
13680572024
18879764507
15715453385
13830793210
18674532508
15509221456
18121280251
15662499685
15356187817
13165624747
13762914139
18629579939
13929809420
18277698024
15969930454
13950283345
15172376692
18891818840
15019840127
15354081953
13231469557
14551984573
18885733686
13717465907
14771768810
15771798894
14521525845
15520036747
13023475798
15833329957
13461019293
14501819795
18741937225
15679132676
13367778611
18645299366
18079735823
13184028424
13394379158
13055301882
13030392532
18758878439
15631000008
14543161023
13660330214
13617704088
13425042652
18998295055
13642596574
15164417516
18055215704
13931786686
18024758047
15942986251
14741770094
18278022941
18227928370
15210210406
13479499965
13247858445
13471655252
13334660678
13987493900
18597862912
18140011455
15846332051
18794340063
15871653367
13057843039
18735820248
13835619049
15022720629
13156735592
15598515864
15225410180
13774717922
15634222423
15926238366
13353371949
14557816245
18790702917
18287425741
15659153553
18028981495
15318602585
18244493552
18777635654
18025175358
15511952547
15984862405
15841989619
18871113478
15905352748
18531165987
14557165359
13477628656
14762377633
13846399504
13815417080
18577789115
13872386178
14503670361
13938918262
15087304065
13980010492
13751387185
15014434521
13809349986
14730612089
13273530798
13902449083
13616368382
14768666031
14566478777
13236928939
15564819750
18821983120
14577723664
15350523572
13048251175
15070655276
15972810870
15054450477
18232651335
14579268398
13234284946
13052318014
15940332777
13332624867
13903615464
18193821125
15282120454
13148736095
14517398533
18855152967
14574162314
13425311558
18137088932
14538550037
13416551963
15059807436
14536540449
15065702319
15965986866
13075519844
18200198939
18933852883
18886358050
18873105953
15949452000
13091279539
13125238698
15714967545
15976666040
14541123264
13570698196
15866312196
18005226685
15175224204
13249350502
13766633637
18574976438
18715345537
18802343887
13490088352
18503076393
15697845675
13782282031
15689467785
15807340941
13150658410
18542466337
18584558228
13895167888
14732363313
15377800143
14583898235
15736046200
18531744870
13653559305
13024800546
18166213431
18673182406
13147759572
18554248132
13974289064
15807180497
14559778031
15870738846
13482949557
13149769974
14509561366
14540709179
15523604879
15992879599
14593649835
13604608258
15670668945
13835814433
15093625006
13996397145
15235618683
18229231690
18516478135
13151883700
18691241326
14555532993
13824899510
15593211457
15022413472
15038760557
13563482735
13547814149
18064491637
15614290192
14759493701
15984567580
15284114658
13618340866
18865265517
18627480265
13575748269
18236341013
18588724325
15805882445
15085014061
13399046897
15904781344
18938210485
15316746809
18810332881
13499061744
18799597051
15575262766
15649170014
15775724683
15794266905
18744799566
13078427657
13515075635
18881569880
18818599027
13562213639
15528516100
18789779496
13629150616
15566430393
18917977470
15994988761
15399440122
18222457132
13182402830
13374530842
14776002427
13319905999
15812992206
13979809173
15537991475
18886210124
18518153629
13507390006
15222969028
15163367915
13715300017
18182359409
15539380619
18177885240
18157627820
13221213948
15229426383
15099352020
13760308004
13993553489
15060567564
15945908998
13360295615
18665363299
13926440439
18054055204
18799235379
14531741796
15847063333
13852708605
